Tamanho:     3200
Threads:     [8.7258057 , 7.3496473 , 9.1806571 , 22.9132896, 18.705125 , 19.8938228, 23.3714966, 44.7086938]
Processos:   [10.6525795, 10.2134915, 11.5543804, 23.9505692, 23.8406654, 25.3647361, 35.8967163, 59.6054581]