Tamanho:     [100, 200, 400, 800, 1600, 3200]
Sequencial:  [0.0027364, 0.0218146, 0.2011387, 1.7670146, 34.2133383, 300.9980317]
Threads:     [0.0082958, 0.0625891, 0.4877605, 4.2336173, 80.6108246, 687.7299498] //dividir pelo numero de threads
Processos:   [0.0006399, 0.0054572, 0.0522188, 0.4617419, 9.35327950, 84.17498070] 
