Tamanho:     3200
Threads:     [277.6083801, 259.8555603, 262.909552, 230.0875367, 205.7950623, 174.3021973, 139.0866028, 127.0888306] //dividir pelo numero de threads
Processos:   [10.13858430, 12.16924630, 16.5207936, 21.69551780, 27.97308970, 29.82755050, 45.11391290, 92.76491390]