Tamanho:     [100, 200, 400, 800, 1600, 3200]
Sequencial:  [0.0009267, 0.0079176, 0.0635107, 0.5262536, 18.0532444, 244.8124283]
Threads:     [0.0002935, 0.00145  , 0.0145968, 0.1149535, 7.9517067 , 67.4197045]
Processos:   [0.0001835, 0.0014326, 0.0146451, 0.1177538, 8.3043122 , 71.5788619]
